17.99 1001 0.3001 0.07871 8.589 0.04904 0.03003 17.33 0.1622 0.2654
12.45 477.1 0.1578 0.07613 2.217 0.03345 0.02165 23.75 0.1791 0.1741
16.02 797.8 0.03299 0.05697 2.466 0.009269 0.0146 33.88 0.1181 0.09975
16.13 798.8 0.1722 0.07356 3.854 0.02501 0.01689 31.48 0.1789 0.2073
13.08 520 0.04568 0.06811 1.383 0.01898 0.01678 20.49 0.1312 0.07283
9.504 273.9 0.02956 0.06905 1.909 0.01432 0.02027 15.66 0.1324 0.06227
16.65 904.6 0.1525 0.0633 5.455 0.01882 0.01468 31.56 0.1805 0.2095
14.58 644.8 0.1425 0.06924 2.11 0.03055 0.01454 33.21 0.1525 0.2701
17.57 955.1 0.09875 0.06149 4.655 0.03033 0.01925 19.52 0.1255 0.1456
18.63 1088 0.2319 0.06197 5.574 0.03374 0.02007 34.01 0.1491 0.1848
16.13 807.2 0.1354 0.06515 2.183 0.02868 0.01703 27.26 0.1446 0.1864
16.74 869.5 0.1348 0.05656 3.008 0.02499 0.02789 29.02 0.1563 0.1813
14.25 633 0.1319 0.06125 2.657 0.02995 0.02028 30.36 0.1446 0.1447
13.48 559.2 0.1063 0.06419 1.545 0.02239 0.01377 26.02 0.161 0.2258
13.28 545.2 0.09847 0.06782 2.427 0.02147 0.01719 28 0.153 0.1492
13.17 531.5 0.08259 0.06177 1.334 0.01384 0.01113 29.89 0.1503 0.1607
11.94 437.6 0.01972 0.0611 1.52 0.00838 0.01996 21.33 0.1144 0.06296
19.21 1152 0.1323 0.05961 4.837 0.02306 0.01852 28.14 0.1624 0.2091
14.71 656.9 0.1293 0.06758 2.735 0.02855 0.01817 30.7 0.1368 0.1834
10.17 311.9 0.01084 0.0696 3.312 0.01099 0.04183 17.45 0.1275 0.02579
8.598 221.8 0.03 0.06757 2.493 0.03162 0.03357 27.04 0.1639 0.02778
14.25 645.7 0.2135 0.07292 5.373 0.07056 0.017 29.51 0.164 0.1785
9.465 269.4 0.02172 0.06899 1.66 0.01755 0.02279 31.56 0.1548 0.06517
8.888 244 0.08606 0.0898 3.168 0.09368 0.02541 15.67 0.1207 0.04786
12.31 470.9 0.03372 0.05914 1.74 0.01819 0.01386 23.21 0.1176 0.0866
12.86 506.3 0.03889 0.05997 1.778 0.01661 0.01748 24.82 0.1289 0.07926
13.34 520 0.1169 0.06902 1.535 0.03575 0.02134 23.19 0.1536 0.1708
19.02 1076 0.1468 0.05629 3.055 0.01842 0.01964 30.41 0.1249 0.1956
12.36 466.1 0.06015 0.06404 2.203 0.02493 0.01958 30.5 0.1304 0.1205
9.787 294.5 0.006829 0.0689 2.132 0.01463 0.01801 26.29 0.1316 0.02381
11.6 412.6 0.04196 0.06582 1.475 0.0133 0.01651 17.16 0.1431 0.08449
13.61 582.7 0.08625 0.05871 2.861 0.01488 0.01465 35.27 0.1265 0.1184
6.981 143.5 0 0.07818 1.553 0.01084 0.02659 19.54 0.1584 0
12.18 458.7 0.02383 0.05677 1.183 0.006098 0.01447 32.84 0.1123 0.07431
11.34 396.5 0.05133 0.06529 1.597 0.01557 0.01568 29.15 0.1699 0.08278
12.63 480.4 0.1065 0.0707 2.711 0.04042 0.02144 25.47 0.1287 0.1105
10.51 334.2 0.06476 0.07782 2.041 0.03747 0.02287 22.75 0.13 0.06136
18.66 1077 0.1457 0.06213 4.895 0.02101 0.02045 24.9 0.1503 0.1674
15.1 674.5 0.1138 0.06467 2.796 0.04185 0.02353 18.33 0.1386 0.1423
18.45 1075 0.1153 0.05727 3.766 0.01422 0.01492 31.39 0.1465 0.1379
12.77 506.3 0.04711 0.06065 1.457 0.01202 0.01647 33.37 0.1419 0.09331
11.43 399.8 0.03503 0.05865 1.143 0.01521 0.01501 22.02 0.119 0.08476
11.28 384.8 0.04635 0.06072 1.851 0.03498 0.0158 15.77 0.1367 0.08611
9.738 288.5 0 0.06422 1.218 0.005656 0.02277 14.1 0.1234 0
16.11 813 0.09447 0.06248 4.533 0.01938 0.01875 25.27 0.1314 0.1216
14.44 640.1 0.08487 0.06081 2.12 0.02297 0.01454 19.85 0.1316 0.1599
10.9 366.8 0.00309 0.05743 1.808 0.006134 0.01637 18.2 0.1171 0.03953
11.75 419.8 0.06843 0.06453 3.926 0.02405 0.03397 26.21 0.1358 0.07909
19.59 1214 0.2508 0.06082 4.792 0.02277 0.01686 26.39 0.1438 0.2247
12.32 464.1 0.03987 0.05955 1.67 0.0118 0.01924 15.64 0.1385 0.09391
15.46 736.9 0.2032 0.07069 2.805 0.02321 0.01792 17.04 0.1531 0.1827
8.671 227.2 0 0.06724 1.435 0.008007 0.02711 17.04 0.1162 0
9.904 302.4 0.1307 0.08116 3.132 0.08808 0.0388 24.39 0.1301 0.0991
13.01 526.4 0.001595 0.05234 1.101 0.002252 0.01613 29.02 0.08125 0.009259
21.09 1311 0.2487 0.07398 4.414 0.04759 0.01798 33.48 0.1491 0.2903
15.7 766.6 0.06593 0.05549 2.406 0.02263 0.01547 32.82 0.1414 0.1541
10.08 317.5 0.001597 0.06048 2.68 0.012 0.02538 21.18 0.1521 0.01042
11.81 428.9 0.02353 0.0578 1.011 0.008776 0.03139 26.48 0.1356 0.04306
12.34 477.4 0.1085 0.06937 2.642 0.03845 0.01878 39.34 0.1785 0.1459
14.86 671.4 0.1697 0.06672 3.591 0.05122 0.02545 27.78 0.1316 0.1727
13.77 588.9 0.1385 0.06877 4.906 0.03348 0.02689 34.01 0.1737 0.1673
23.29 1685 0.3523 0.06229 4.667 0.05121 0.02175 32.68 0.1536 0.2733
15.12 716.6 0.0755 0.05986 1.974 0.01919 0.01523 20.24 0.1491 0.1252
9.876 295.4 0.01756 0.06285 1.517 0.01249 0.0221 23.22 0.1415 0.05588
17.01 904.3 0.0695 0.05223 4.106 0.01503 0.02294 25.05 0.1111 0.1096
20.58 1290 0.164 0.05024 7.029 0.03611 0.03176 27.84 0.1178 0.192
14.19 610.7 0.1115 0.06433 3.534 0.0371 0.04499 34.85 0.1559 0.1772
13.56 561.3 0.0786 0.06303 2.011 0.02314 0.01842 17.13 0.1376 0.0909
15 684.5 0.06505 0.05907 2.276 0.03207 0.01391 19.31 0.1136 0.1379
20.51 1319 0.1554 0.05592 3.767 0.02062 0.01298 37.38 0.1223 0.1563
14.22 623.9 0.1103 0.06129 2.105 0.02845 0.01185 40.54 0.1081 0.08219
11.3 389.4 0.1548 0.07669 2.369 0.05914 0.01995 27.96 0.1347 0.1218
19.4 1155 0.2049 0.06 4.037 0.03252 0.02186 30.53 0.1463 0.1564
12.89 512.2 0.1374 0.06409 2.393 0.05592 0.01266 17.7 0.1254 0.1561
11.5 407.4 0.02638 0.05934 2.684 0.01065 0.02292 22.46 0.1183 0.06544
19.73 1206 0.2417 0.06697 4.115 0.05057 0.01467 25.59 0.171 0.2507
19.55 1207 0.1784 0.06232 7.158 0.04765 0.01936 36.27 0.1281 0.1941
15.32 713.3 0.2448 0.07596 4.061 0.04588 0.01884 22.66 0.1765 0.2229
20.31 1288 0.1519 0.05572 2.587 0.01578 0.01282 39.16 0.1522 0.1697
15.61 758.6 0.04209 0.05443 1.534 0.009105 0.01013 31.67 0.1084 0.08568
17.19 928.3 0.09061 0.0558 2.819 0.01206 0.01144 29.33 0.1558 0.1984
10.6 346.4 0.06387 0.06491 3.43 0.03581 0.03504 22.94 0.1213 0.07926
17.93 998.9 0.05699 0.0551 2.765 0.01169 0.01419 34.69 0.1315 0.1136
18.81 1102 0.0802 0.04996 2.363 0.01114 0.0193 24.3 0.1243 0.1294
13.59 572.3 0.01997 0.0552 1.683 0.005274 0.01344 26.1 0.105 0.05185
13.85 587.4 0.04479 0.05853 1.83 0.01541 0.01528 21.74 0.1185 0.09993
19.16 1138 0.1921 0.0622 4.321 0.02449 0.01435 35.9 0.1782 0.1872
11.74 427.3 0.02245 0.06113 3.717 0.01442 0.02921 18.26 0.1036 0.0829
12.89 516.6 0.1115 0.05935 2.347 0.03961 0.01878 19.69 0.09926 0.1017
12.58 489 0.00186 0.05855 1.721 0.008008 0.02571 23.08 0.1038 0.008772
12.89 515.9 0.0226 0.05581 1.115 0.01345 0.01619 15.54 0.09616 0.05366
11.26 394.1 0.09274 0.06233 2.877 0.08262 0.03418 22.33 0.1028 0.09314
14.26 633.1 0.02475 0.05586 1.661 0.01377 0.01103 25.26 0.09445 0.0753
11.46 403.1 0.03344 0.06243 2.475 0.02652 0.01894 21.61 0.1144 0.05509
11.6 417.2 0.01974 0.05878 1.961 0.02337 0.03194 31.62 0.09545 0.04815
11.7 418.7 0.01583 0.06128 1.109 0.00911 0.02349 26.55 0.1223 0.05741
12.76 504.1 0.04052 0.0614 2.346 0.02768 0.01731 16.4 0.1194 0.08411
11.54 409.1 0.01367 0.061 1.107 0.0134 0.02032 12.87 0.1092 0.04715
12.18 461.4 0.01123 0.05649 1.438 0.005767 0.01977 16.47 0.1001 0.01852
12.03 446 0.001546 0.0607 1.466 0.006887 0.01466 22.25 0.1013 0.02796
16.26 826.8 0.1799 0.06532 2.961 0.03756 0.04022 25.21 0.1426 0.1047
16.03 793.2 0.1204 0.05976 2.629 0.03245 0.01467 21.98 0.1435 0.1981
11.22 387.3 0.005006 0.06028 1.959 0.01104 0.04243 25.78 0.1424 0.02022
11.25 390 0.0009737 0.06081 1.529 0.007124 0.017 22.06 0.1166 0.01667
12.3 464.4 0.007756 0.05945 1.199 0.008432 0.01939 28.46 0.1222 0.03983
17.06 918.6 0.1508 0.06071 6.076 0.01797 0.01829 33.15 0.1449 0.1827
10.05 310.8 0.02511 0.06331 1.778 0.01449 0.021 26.84 0.1402 0.06499
11.71 420.3 0.04006 0.06506 2.355 0.01097 0.01953 18.16 0.146 0.07864
12.06 445.3 0.00751 0.06048 1.559 0.01096 0.01982 27.06 0.1289 0.05093
11.47 402.7 0.02587 0.06372 1.09 0.008548 0.01755 20.79 0.1531 0.06548
11.66 421 0.008306 0.05731 2.225 0.006991 0.02216 19.74 0.09958 0.04262
11.14 384.6 0.04505 0.06083 3.33 0.03387 0.03102 15.82 0.08864 0.03922
13.05 512 0.09603 0.06501 2.59 0.03932 0.0286 24.85 0.1343 0.1258
13.87 593.7 0.01502 0.05883 1.737 0.007939 0.01544 25.58 0.1153 0.05556
13.3 546.1 0.03344 0.05696 2.028 0.02045 0.01829 29.2 0.114 0.05614
20.2 1234 0.1641 0.0602 7.128 0.04674 0.0371 33.81 0.1278 0.2152
16.35 840.4 0.1811 0.06218 2.972 0.03917 0.03197 31.03 0.1415 0.2248
20.64 1335 0.1527 0.05478 4.119 0.01895 0.01276 23.17 0.1562 0.2112
13.46 562.1 0.01271 0.05763 1.4 0.01203 0.01442 35.63 0.1108 0.05781
11.08 361.6 0.1689 0.0795 1.719 0.04549 0.01738 32.82 0.2184 0.2524
11.04 372.7 0.03546 0.06246 1.281 0.01903 0.0188 20.83 0.1095 0.06754
13.28 541.8 0.05077 0.05594 1.592 0.02073 0.01461 17.37 0.1166 0.09173
11.27 392 0.1007 0.07252 2.569 0.06669 0.01219 18.93 0.1102 0.08272
21.61 1407 0.281 0.06606 4.158 0.03726 0.02045 28.74 0.1502 0.2422
12.1 446.2 0.04783 0.06161 1.869 0.01631 0.02015 25.8 0.1432 0.06266
12.96 525.2 0.04057 0.05899 2.397 0.03713 0.02632 24.61 0.09329 0.06608
12.94 507.6 0.03296 0.062 0.9975 0.01285 0.0187 23.02 0.1172 0.08388
10.94 370 0.04944 0.06615 3.018 0.02134 0.02079 25.58 0.1363 0.07887
11.36 399.8 0.02783 0.05913 1.359 0.009947 0.01341 36.32 0.1453 0.08698
15.13 719.5 0.04686 0.05294 3.043 0.01427 0.03151 36.91 0.1148 0.06575
11.89 433.8 0.02555 0.0629 1.93 0.03053 0.02258 27.21 0.1426 0.08263
9.405 271.2 0.02047 0.06601 2.759 0.01674 0.03044 31.24 0.1526 0.0377
12.7 495 0.0236 0.06275 1.527 0.01263 0.01713 16.92 0.1314 0.08224
14.69 656.1 0.145 0.07406 4.795 0.05244 0.02653 18.34 0.1312 0.1108
13.85 592.6 0.01342 0.05673 2.331 0.01095 0.02014 28.01 0.1118 0.0589
10.57 340.9 0.01993 0.05768 1.277 0.01331 0.01717 23.31 0.09794 0.02222
11.99 441.3 0.05441 0.0685 1.865 0.02025 0.02094 30.36 0.1311 0.1202
21.1 1384 0.1572 0.05661 4.542 0.02075 0.01029 32.07 0.1368 0.228
19.59 1191 0.1655 0.05391 2.916 0.01929 0.01641 30.96 0.1528 0.1466
13.38 557.2 0.02819 0.06016 2.287 0.01246 0.01564 41.61 0.1172 0.07763
13 520.2 0.01206 0.05449 1.657 0.008974 0.01215 31.88 0.1218 0.05921
27.42 2501 0.3635 0.05623 18.65 0.05374 0.01697 31.37 0.1357 0.2625
14.4 646.1 0.03476 0.05433 1.727 0.01679 0.01414 31.98 0.1017 0.05563
13.17 537.3 0.04859 0.05549 1.236 0.01493 0.01093 23.89 0.1282 0.1045
13.14 536.9 0.1085 0.0602 2.312 0.03179 0.01561 25.46 0.1351 0.1181
9.667 289.1 0.02948 0.06413 2.569 0.01989 0.0196 25.62 0.1234 0.0656
14.92 686.9 0.05539 0.05669 1.826 0.0177 0.01148 18.22 0.1065 0.1147
12.27 465.4 0 0.0596 2.884 0.008243 0.03141 38.05 0.09422 0
10.88 358.9 0.05115 0.06837 1.301 0.03093 0.01212 19.35 0.1332 0.07966
7.76 181 0 0.05884 2.548 0.00466 0.02676 30.37 0.08996 0
