11.42 386.1 0.2414 0.09744 3.445 0.07458 0.05963 26.5 0.2098 0.2575
18.25 1040 0.1127 0.05742 3.18 0.01382 0.01369 27.66 0.1442 0.1932
13.71 577.9 0.09366 0.07451 3.856 0.03029 0.01486 28.14 0.1654 0.1556
12.46 475.9 0.2273 0.08243 2.039 0.07217 0.01789 40.68 0.1853 0.221
15.78 781 0.09954 0.06082 3.564 0.04061 0.02008 27.28 0.1396 0.181
14.54 658.8 0.1639 0.07077 2.879 0.0424 0.01857 37.13 0.1678 0.1712
19.81 1260 0.1479 0.05395 5.865 0.01893 0.01356 30.88 0.1512 0.2388
13.54 566.3 0.06664 0.05766 2.058 0.0146 0.0198 19.26 0.144 0.1288
18.61 1094 0.149 0.05699 5.632 0.02722 0.02293 27.26 0.1338 0.149
11.84 440.6 0.1218 0.07799 3.475 0.03414 0.02273 28.12 0.1637 0.1546
19.27 1162 0.1657 0.06261 3.528 0.03318 0.01543 30.9 0.1509 0.1785
10.95 371.1 0.1044 0.0687 1.822 0.01764 0.01357 35.34 0.1909 0.1424
19.07 1104 0.2107 0.06343 8.83 0.1006 0.05333 33.17 0.1247 0.2493
13.17 534.6 0.1226 0.06777 1.897 0.02336 0.01743 27.95 0.1786 0.2088
11.76 427.9 0.01657 0.05888 2.635 0.009758 0.02406 25.72 0.1085 0.03715
13.64 571.8 0.01857 0.05953 1.449 0.01177 0.01325 23.19 0.1089 0.08586
18.22 1033 0.1772 0.0631 4.877 0.02961 0.02674 24.13 0.128 0.1325
15.1 712.8 0.05253 0.05684 2.097 0.0103 0.01095 31.69 0.1389 0.153
11.52 409 0.03036 0.05907 2.183 0.008722 0.03218 22.47 0.1249 0.06316
13.05 527.2 0.000692 0.05501 2.595 0.008593 0.0219 22.25 0.1021 0.01111
8.618 224.5 0.02061 0.07187 1.046 0.01055 0.0209 15.4 0.1733 0.04419
9.173 260.9 0.05988 0.06963 2.608 0.03938 0.04192 19.23 0.09836 0.05087
11.31 394.1 0.03709 0.05667 1.831 0.009216 0.02183 23.84 0.129 0.06961
12.78 502.5 0.03653 0.05653 1.471 0.005612 0.02254 19.76 0.1296 0.05882
18.94 1130 0.108 0.05461 5.486 0.01652 0.01386 26.58 0.1193 0.1789
13.8 584.1 0.07789 0.06566 1.957 0.02065 0.0122 20.86 0.1411 0.1383
16.07 817.7 0.09769 0.05391 5.029 0.02203 0.0155 24.56 0.15 0.152
18.05 1006 0.1684 0.06673 6.311 0.05839 0.02591 18.91 0.1478 0.2102
20.18 1245 0.3754 0.08142 8.649 0.06835 0.07895 31.72 0.1639 0.2508
11.45 401.5 0.04591 0.07005 2.077 0.01706 0.01816 32.16 0.1557 0.06127
14.48 648.2 0.1204 0.05636 3.301 0.02983 0.02418 29.25 0.1306 0.1225
14.64 651.9 0.09966 0.06346 3.814 0.04412 0.02427 18.24 0.1277 0.1397
13.27 551.7 0.03261 0.05318 2.701 0.01038 0.01069 22.35 0.1006 0.1001
13.45 555.1 0.03974 0.0571 2.099 0.01491 0.01884 25.94 0.1339 0.07911
12.18 451.1 0.0249 0.06635 2.41 0.01179 0.0222 20.92 0.114 0.05882
9.876 298.3 0.06154 0.06322 1.528 0.02196 0.01609 26.83 0.1559 0.09749
11.64 412.5 0.0707 0.0652 2.155 0.0231 0.01565 29.26 0.1688 0.1218
22.27 1509 0.4264 0.07039 10.05 0.08668 0.03112 28.01 0.1701 0.291
14.26 629.9 0.3003 0.07769 3.399 0.07446 0.02566 23.73 0.08949 0.1505
8.726 230.9 0.04132 0.07633 1.354 0.02213 0.01708 19.62 0.1724 0.105
11.93 438.6 0.03328 0.06194 2 0.02507 0.01278 26.15 0.15 0.07247
14.87 682.5 0.169 0.06768 2.989 0.02563 0.01602 27.37 0.1878 0.2027
17.95 982 0.07293 0.05025 3.357 0.008422 0.05014 27.83 0.1072 0.1185
24.25 1761 0.4268 0.06877 9.807 0.09806 0.04547 23.99 0.1696 0.2248
13.85 588.7 0.0142 0.0589 1.495 0.009169 0.01247 23.58 0.1157 0.05104
19.79 1192 0.2545 0.06113 2.765 0.03179 0.01578 33.58 0.1275 0.1732
15.71 761.7 0.07135 0.05723 1.972 0.01515 0.01669 19.25 0.1223 0.1374
11.71 423.6 0.03592 0.05945 3.258 0.0138 0.01359 25.48 0.1271 0.06968
10.75 355.3 0.02251 0.05688 1.806 0.01781 0.01671 20.72 0.1076 0.03413
11.8 432 0.1659 0.07371 2.281 0.03633 0.05628 26.38 0.1385 0.1865
8.219 203.9 0.1321 0.08261 1.243 0.05416 0.02309 29.72 0.163 0.07879
9.731 300.2 0.4108 0.09296 4.073 0.09586 0.03546 19.49 0.1292 0.1571
11.15 381.9 0.01982 0.06105 1.429 0.008985 0.02388 16.3 0.1341 0.05506
13.15 538.9 0.09293 0.06207 1.819 0.02017 0.02769 20.5 0.1478 0.09722
17.68 963.7 0.1855 0.06166 5.54 0.04954 0.01778 25.11 0.1418 0.1515
12.34 464.5 0.0537 0.06761 1.955 0.03175 0.01879 28.68 0.1452 0.08194
14.97 690.2 0.01947 0.05266 1.286 0.007983 0.01924 25.82 0.1045 0.05754
10.8 357.6 0.02531 0.064 1.126 0.009816 0.01254 12.02 0.1436 0.04603
16.78 886.3 0.08422 0.05534 4.129 0.0247 0.02091 26.3 0.1168 0.1474
13.43 565.4 0.05858 0.05671 3.142 0.01063 0.0152 29.87 0.1401 0.116
11.08 372.7 0.02363 0.06669 1.377 0.02121 0.03082 16.82 0.1216 0.04306
10.66 349.6 0 0.05975 2.155 0.01017 0.03265 19.2 0.1076 0
16.46 832.9 0.1793 0.06323 2.482 0.04094 0.01682 28.45 0.1415 0.2035
12.81 508.8 0.009193 0.06133 1.778 0.006364 0.01065 16.15 0.1162 0.0399
11.41 402 0.06181 0.06217 1.902 0.03728 0.02165 17.7 0.1121 0.06296
18.31 1041 0.08169 0.05425 1.817 0.009181 0.01069 26.36 0.1234 0.1571
12.3 463.7 0.03844 0.05474 1.687 0.02212 0.02025 19.59 0.1096 0.04815
12.77 507.4 0.03112 0.06287 5.118 0.0179 0.03373 23.5 0.09388 0.04773
14.45 642.7 0.118 0.06466 1.446 0.01597 0.01522 30.12 0.1552 0.1838
13.81 597.8 0.1558 0.07421 3.909 0.03108 0.01998 41.85 0.2226 0.2013
13.11 529.4 0.08705 0.0731 1.491 0.03041 0.02514 29.16 0.1349 0.1126
15.27 725.5 0.05892 0.05526 1.525 0.01236 0.009539 15.92 0.1222 0.1035
11.84 428 0.02669 0.06057 1.444 0.01727 0.01616 24.99 0.128 0.06913
17.42 948 0.1682 0.05866 3.767 0.08555 0.02175 28.07 0.1243 0.1099
13.65 568.9 0.03888 0.06344 1.391 0.01695 0.01371 16.35 0.1311 0.08056
14.34 641.2 0.05724 0.05448 3.763 0.01428 0.02266 16.9 0.1297 0.1087
12.62 496.4 0.05438 0.06019 1.445 0.02294 0.01365 31.31 0.1227 0.118
12.83 503.2 0.1695 0.07254 2.257 0.03858 0.0168 30.15 0.1777 0.1977
9.567 279.6 0.01652 0.06403 1.215 0.0104 0.02383 19.16 0.1504 0.07222
23.21 1670 0.195 0.06309 7.247 0.02863 0.0159 34.51 0.1481 0.2593
20.48 1306 0.09042 0.05177 5.144 0.03133 0.01341 26.17 0.1228 0.1445
17.46 920.6 0.1417 0.05966 3.002 0.02785 0.01226 44.87 0.1365 0.2066
13.64 575.3 0.04705 0.0566 1.996 0.01248 0.01898 19.05 0.1278 0.09222
12.42 476.5 0.01053 0.05754 0.757 0.00493 0.0172 20.37 0.1037 0.04052
13.75 590 0.04697 0.05429 2.829 0.02667 0.02598 26.34 0.09368 0.06106
10.48 337.7 0.04831 0.0644 2.517 0.01386 0.03476 29.46 0.1515 0.06736
10.65 347 0.02379 0.06329 1.497 0.01035 0.02158 35.19 0.1499 0.06136
20.94 1364 0.2712 0.05898 6.372 0.03908 0.02401 27 0.1211 0.2105
17.3 928.2 0.1266 0.05613 2.193 0.01503 0.01394 25.09 0.1416 0.1857
15.66 773.5 0.3176 0.08104 10.12 0.05995 0.02337 31.64 0.1504 0.2462
20.73 1419 0.1367 0.05674 7.749 0.01478 0.01367 47.16 0.1401 0.1659
12.87 512.2 0.039 0.05769 1.546 0.02178 0.02593 23.64 0.1256 0.0578
14.29 632.6 0.00725 0.05376 0.8439 0.00371 0.01536 20.65 0.08567 0.03333
11.29 388 0.03265 0.0627 1.164 0.01122 0.01692 16.18 0.1358 0.0875
21.75 1491 0.2195 0.06194 8.867 0.0496 0.01924 28.18 0.1272 0.1841
11.33 396.6 0.001487 0.05821 1.565 0.008998 0.02358 18.99 0.1259 0.01111
16.24 805.1 0.1948 0.06684 2.464 0.03481 0.01388 25.09 0.1365 0.1732
14.41 651 0.1362 0.07192 4.36 0.1064 0.04077 22.13 0.09983 0.1021
14.96 687.3 0.0594 0.05852 2.171 0.02115 0.01522 26.19 0.1313 0.1489
12.95 513.7 0.06155 0.0647 1.231 0.02003 0.02625 19.93 0.1483 0.1056
10.91 363.7 0.01236 0.06031 1.267 0.01221 0.02941 14.82 0.09312 0.03194
11.76 431.1 0.02685 0.06287 4.138 0.01005 0.01575 23.39 0.1137 0.0716
10.51 334.2 0.02495 0.06556 2.289 0.01443 0.03464 24.22 0.1143 0.03125
19.53 1217 0.2197 0.06552 7.237 0.03203 0.01884 26.24 0.1495 0.198
10.49 334.3 0.02297 0.066 1.035 0.009362 0.01791 24.54 0.1413 0.06528
13.2 537.3 0.001461 0.05894 1.204 0.007861 0.01344 20.45 0.1128 0.025
12.49 481.6 0.004473 0.05673 1.047 0.003012 0.01393 19.71 0.1104 0.02784
20.34 1264 0.2565 0.0667 4.012 0.02431 0.02768 31.86 0.1592 0.2685
14.11 616.5 0.01765 0.057 1.558 0.01132 0.01416 18 0.1281 0.0589
23.51 1747 0.2308 0.05506 6.462 0.01971 0.01479 30.73 0.1515 0.2089
19.68 1194 0.1863 0.05715 5.173 0.03368 0.03756 34.66 0.1218 0.2255
11.95 426.7 0.01171 0.06581 2.455 0.02417 0.02734 17.72 0.1293 0.04766
15.75 758.6 0.2914 0.07603 3.477 0.06559 0.05543 24.17 0.155 0.2135
25.73 2010 0.3368 0.06121 7.222 0.04243 0.02335 23.58 0.153 0.2756
12.56 485.8 0.103 0.06184 3.212 0.04235 0.02639 22.43 0.1096 0.09265
12.54 491.9 0.001194 0.05185 2.329 0.004693 0.02043 20.98 0.09293 0.01635
13.4 552.4 0.02181 0.05701 1.036 0.0125 0.01291 21.7 0.1213 0.06987
20.44 1293 0.09799 0.05557 4.218 0.01906 0.01445 26.37 0.1327 0.1765
12.21 458.4 0.04392 0.05916 1.874 0.01388 0.01938 24.04 0.1368 0.08829
21.71 1546 0.1168 0.05054 7.733 0.01112 0.01263 26.44 0.1363 0.182
13.69 579.1 0.02556 0.05669 1.372 0.01587 0.01943 20.21 0.1105 0.06987
16.17 788.5 0.06651 0.06572 1.349 0.01812 0.01934 19.14 0.1235 0.1251
10.57 338.3 0.228 0.0845 2.363 0.07643 0.01617 22.82 0.1143 0.1465
13.66 580.6 0.04249 0.05897 1.101 0.02984 0.01818 19.64 0.1275 0.1054
12.05 447.8 0.07943 0.06659 1.778 0.0456 0.0247 28.71 0.08799 0.1092
12.21 462 0.06839 0.06154 2.097 0.03026 0.01921 19.29 0.1026 0.0914
13.88 596.6 0.02045 0.05474 1.709 0.01415 0.01647 19.97 0.08484 0.04537
19.55 1174 0.1856 0.05884 5.383 0.04097 0.02768 30.44 0.1251 0.1825
14.06 609.1 0.02681 0.05764 1.237 0.01273 0.01719 25.34 0.1066 0.07911
13.51 558.1 0.0858 0.06079 1.513 0.01957 0.01315 27.2 0.1428 0.1453
12.8 508.3 0.0739 0.0575 2.668 0.03477 0.01869 21.06 0.09534 0.08296
11.06 378.2 0.02712 0.06214 1.263 0.01469 0.01191 20.35 0.112 0.05556
11.8 431.9 0.02853 0.06019 2.225 0.01964 0.01477 24.49 0.1244 0.05356
12.34 469.1 0.02109 0.05708 2.602 0.008491 0.0297 16.85 0.1048 0.04793
17.99 991.7 0.1201 0.06069 3.061 0.02772 0.01414 25.41 0.1482 0.1974
12.27 466.1 0.03211 0.05597 2.079 0.0231 0.02578 28.88 0.124 0.09532
11.04 373.2 0.03046 0.0634 1.342 0.009355 0.01718 26.44 0.1369 0.07431
11.16 380.3 0.008955 0.06144 1.968 0.009442 0.02694 28.92 0.1282 0.04306
11.57 409.7 0.05485 0.06267 2.206 0.02047 0.01868 26.98 0.1249 0.06664
11.61 408.2 0.07097 0.0632 1.667 0.02005 0.01848 19.67 0.1415 0.1105
9.742 289.7 0.008934 0.07029 4.607 0.01885 0.031 23.17 0.1398 0.04589
10.8 359.9 0.03614 0.05977 2.24 0.02148 0.01844 32.04 0.1303 0.07485
11.13 381.1 0.01369 0.06148 0.968 0.006263 0.02009 20.29 0.103 0.04044
12.72 501.3 0.01402 0.05544 2.109 0.01174 0.0194 20.96 0.1068 0.03612
20.18 1250 0.2133 0.06053 3.008 0.02715 0.02451 25.07 0.1665 0.2173
18.82 1110 0.1594 0.06132 4.493 0.04088 0.02383 30.93 0.139 0.1708
17.27 928.8 0.1204 0.05407 3.283 0.04308 0.01594 35.46 0.1436 0.1739
13.78 585.9 0.01055 0.05848 2.235 0.01156 0.01227 17.5 0.1072 0.03312
18.03 990 0.109 0.0578 1.921 0.0156 0.01295 22.02 0.1263 0.1535
12.88 514.3 0.06195 0.05708 1.502 0.02153 0.01695 35.74 0.1227 0.06493
